province,date_vaccine_administered,avaccine,cumulative_avaccine
Alberta,14-12-2020,0,0
Alberta,15-12-2020,20,20
Alberta,16-12-2020,0,20
Alberta,17-12-2020,374,394
Alberta,18-12-2020,0,394
Alberta,19-12-2020,0,394
Alberta,20-12-2020,1754,2148
Alberta,21-12-2020,0,2148
Alberta,22-12-2020,926,3074
Alberta,23-12-2020,562,3636
Alberta,24-12-2020,1075,4711
Alberta,25-12-2020,0,4711
Alberta,26-12-2020,0,4711
Alberta,27-12-2020,0,4711
Alberta,28-12-2020,1305,6016
Alberta,29-12-2020,486,6502
Alberta,30-12-2020,2042,8544
Alberta,31-12-2020,2558,11102
Alberta,01-01-2021,3142,14244
Alberta,02-01-2021,3000,17244
Alberta,03-01-2021,0,17244
Alberta,04-01-2021,5617,22861
Alberta,05-01-2021,3408,26269
Alberta,06-01-2021,3764,30033
Alberta,07-01-2021,3831,33864
Alberta,08-01-2021,3822,37686
Alberta,09-01-2021,4647,42333
Alberta,10-01-2021,2661,44994
Alberta,11-01-2021,1797,46791
Alberta,12-01-2021,5527,52318
Alberta,13-01-2021,5826,58144
Alberta,14-01-2021,8809,66953
Alberta,15-01-2021,7157,74110
Alberta,16-01-2021,7451,81561
Alberta,17-01-2021,4374,85935
Alberta,18-01-2021,3879,89814
Alberta,19-01-2021,2501,92315
Alberta,20-01-2021,2928,95243
Alberta,21-01-2021,1263,96506
Alberta,22-01-2021,1279,97785
Alberta,23-01-2021,1022,98807
Alberta,24-01-2021,240,99047
Alberta,25-01-2021,406,99453
Alberta,26-01-2021,361,99814
Alberta,27-01-2021,1309,101123
Alberta,28-01-2021,1401,102524
Alberta,29-01-2021,1803,104327
Alberta,30-01-2021,1425,105752
Alberta,31-01-2021,502,106254
Alberta,01-02-2021,93,106347
Alberta,02-02-2021,1091,107438
Alberta,03-02-2021,1903,109341
Alberta,04-02-2021,3047,112388
Alberta,05-02-2021,1678,114066
Alberta,06-02-2021,2650,116716
Alberta,07-02-2021,1668,118384
Alberta,08-02-2021,1973,120357
Alberta,09-02-2021,3968,124325
Alberta,10-02-2021,5127,129452
Alberta,11-02-2021,6123,135575
Alberta,12-02-2021,4814,140389
Alberta,13-02-2021,3725,144114
Alberta,14-02-2021,1727,145841
Alberta,15-02-2021,762,146603
Alberta,16-02-2021,2535,149138
Alberta,17-02-2021,2918,152056
Alberta,18-02-2021,3476,155532
Alberta,19-02-2021,4891,160423
Alberta,20-02-2021,5104,165527
Alberta,21-02-2021,3914,169441
Alberta,22-02-2021,4098,173539
Alberta,23-02-2021,7216,180755
Alberta,24-02-2021,5817,186572
Alberta,25-02-2021,9000,195572
Alberta,26-02-2021,11728,207300
Alberta,27-02-2021,11396,218696
Alberta,28-02-2021,8982,227678
Alberta,01-03-2021,7830,235508
Alberta,02-03-2021,9546,245054
Alberta,03-03-2021,10229,255283
Alberta,04-03-2021,10948,266231
BC,14-12-2020,0,0
BC,15-12-2020,409,409
BC,16-12-2020,0,409
BC,17-12-2020,806,1215
BC,18-12-2020,1377,2592
BC,19-12-2020,0,2592
BC,20-12-2020,0,2592
BC,21-12-2020,1052,3644
BC,22-12-2020,464,4108
BC,23-12-2020,1495,5603
BC,24-12-2020,2575,8178
BC,25-12-2020,0,8178
BC,26-12-2020,0,8178
BC,27-12-2020,0,8178
BC,28-12-2020,0,8178
BC,29-12-2020,3752,11930
BC,30-12-2020,2097,14027
BC,31-12-2020,3483,17510
BC,01-01-2021,0,17510
BC,02-01-2021,0,17510
BC,03-01-2021,0,17510
BC,04-01-2021,6629,24139
BC,05-01-2021,4070,28209
BC,06-01-2021,5456,33665
BC,07-01-2021,7399,41064
BC,08-01-2021,5195,46259
BC,09-01-2021,0,46259
BC,10-01-2021,0,46259
BC,11-01-2021,13643,59902
BC,12-01-2021,2392,62294
BC,13-01-2021,1136,63430
BC,14-01-2021,6316,69746
BC,15-01-2021,6168,75914
BC,16-01-2021,0,75914
BC,17-01-2021,0,75914
BC,18-01-2021,11432,87346
BC,19-01-2021,5023,92369
BC,20-01-2021,5756,98125
BC,21-01-2021,6776,104901
BC,22-01-2021,5665,110566
BC,23-01-2021,0,110566
BC,24-01-2021,0,110566
BC,25-01-2021,9284,119850
BC,26-01-2021,2509,122359
BC,27-01-2021,2006,124365
BC,28-01-2021,2890,127255
BC,29-01-2021,1986,129241
BC,30-01-2021,0,129241
BC,31-01-2021,0,129241
BC,01-02-2021,9651,138892
BC,02-02-2021,1560,140452
BC,03-02-2021,1694,142146
BC,04-02-2021,3421,145567
BC,05-02-2021,3997,149564
BC,06-02-2021,0,149564
BC,07-02-2021,0,149564
BC,08-02-2021,4932,154496
BC,09-02-2021,1089,155585
BC,10-02-2021,2212,157797
BC,11-02-2021,2090,159887
BC,12-02-2021,3095,162982
BC,13-02-2021,0,162982
BC,14-02-2021,0,162982
BC,15-02-2021,0,162982
BC,16-02-2021,8773,171755
BC,17-02-2021,4260,176015
BC,18-02-2021,4676,180691
BC,19-02-2021,12251,192942
BC,20-02-2021,0,192942
BC,21-02-2021,0,192942
BC,22-02-2021,25784,218726
BC,23-02-2021,5628,224354
BC,24-02-2021,6521,230875
BC,25-02-2021,9008,239883
BC,26-02-2021,12490,252373
BC,27-02-2021,0,252373
BC,28-02-2021,0,252373
BC,01-03-2021,23308,275681
BC,02-03-2021,7501,283182
BC,03-03-2021,6627,289809
BC,04-03-2021,9042,298851
Manitoba,14-12-2020,0,0
Manitoba,15-12-2020,0,0
Manitoba,16-12-2020,302,302
Manitoba,17-12-2020,0,302
Manitoba,18-12-2020,291,593
Manitoba,19-12-2020,0,593
Manitoba,20-12-2020,0,593
Manitoba,21-12-2020,301,894
Manitoba,22-12-2020,298,1192
Manitoba,23-12-2020,495,1687
Manitoba,24-12-2020,490,2177
Manitoba,25-12-2020,0,2177
Manitoba,26-12-2020,0,2177
Manitoba,27-12-2020,0,2177
Manitoba,28-12-2020,0,2177
Manitoba,29-12-2020,300,2477
Manitoba,30-12-2020,423,2900
Manitoba,31-12-2020,500,3400
Manitoba,01-01-2021,0,3400
Manitoba,02-01-2021,32,3432
Manitoba,03-01-2021,0,3432
Manitoba,04-01-2021,10,3442
Manitoba,05-01-2021,850,4292
Manitoba,06-01-2021,873,5165
Manitoba,07-01-2021,1163,6328
Manitoba,08-01-2021,1156,7484
Manitoba,09-01-2021,1190,8674
Manitoba,10-01-2021,824,9498
Manitoba,11-01-2021,855,10353
Manitoba,12-01-2021,0,10353
Manitoba,13-01-2021,2056,12409
Manitoba,14-01-2021,0,12409
Manitoba,15-01-2021,1130,13539
Manitoba,16-01-2021,0,13539
Manitoba,17-01-2021,0,13539
Manitoba,18-01-2021,4212,17751
Manitoba,19-01-2021,0,17751
Manitoba,20-01-2021,4614,22365
Manitoba,21-01-2021,1519,23884
Manitoba,22-01-2021,1954,25838
Manitoba,23-01-2021,1714,27552
Manitoba,24-01-2021,1389,28941
Manitoba,25-01-2021,810,29751
Manitoba,26-01-2021,1618,31369
Manitoba,27-01-2021,1992,33361
Manitoba,28-01-2021,1977,35338
Manitoba,29-01-2021,1971,37309
Manitoba,30-01-2021,1981,39290
Manitoba,31-01-2021,1495,40785
Manitoba,01-02-2021,1032,41817
Manitoba,02-02-2021,857,42674
Manitoba,03-02-2021,644,43318
Manitoba,04-02-2021,733,44051
Manitoba,05-02-2021,1049,45100
Manitoba,06-02-2021,1127,46227
Manitoba,07-02-2021,1053,47280
Manitoba,08-02-2021,907,48187
Manitoba,09-02-2021,1186,49373
Manitoba,10-02-2021,1181,50554
Manitoba,11-02-2021,702,51256
Manitoba,12-02-2021,1408,52664
Manitoba,13-02-2021,1053,53717
Manitoba,14-02-2021,1348,55065
Manitoba,15-02-2021,0,55065
Manitoba,16-02-2021,979,56044
Manitoba,17-02-2021,663,56707
Manitoba,18-02-2021,995,57702
Manitoba,19-02-2021,1272,58974
Manitoba,20-02-2021,841,59815
Manitoba,21-02-2021,1611,61426
Manitoba,22-02-2021,939,62365
Manitoba,23-02-2021,1605,63970
Manitoba,24-02-2021,2402,66372
Manitoba,25-02-2021,2688,69060
Manitoba,26-02-2021,2409,71469
Manitoba,27-02-2021,2085,73554
Manitoba,28-02-2021,1894,75448
Manitoba,01-03-2021,1222,76670
Manitoba,02-03-2021,1535,78205
Manitoba,03-03-2021,1966,80171
Manitoba,04-03-2021,2408,82579
New Brunswick,14-12-2020,0,0
New Brunswick,15-12-2020,0,0
New Brunswick,16-12-2020,0,0
New Brunswick,17-12-2020,0,0
New Brunswick,18-12-2020,0,0
New Brunswick,19-12-2020,5,5
New Brunswick,20-12-2020,0,5
New Brunswick,21-12-2020,1866,1871
New Brunswick,22-12-2020,0,1871
New Brunswick,23-12-2020,0,1871
New Brunswick,24-12-2020,0,1871
New Brunswick,25-12-2020,0,1871
New Brunswick,26-12-2020,0,1871
New Brunswick,27-12-2020,0,1871
New Brunswick,28-12-2020,1034,2905
New Brunswick,29-12-2020,0,2905
New Brunswick,30-12-2020,0,2905
New Brunswick,31-12-2020,0,2905
New Brunswick,01-01-2021,0,2905
New Brunswick,02-01-2021,0,2905
New Brunswick,03-01-2021,0,2905
New Brunswick,04-01-2021,0,2905
New Brunswick,05-01-2021,0,2905
New Brunswick,06-01-2021,1200,4105
New Brunswick,07-01-2021,914,5019
New Brunswick,08-01-2021,0,5019
New Brunswick,09-01-2021,0,5019
New Brunswick,10-01-2021,0,5019
New Brunswick,11-01-2021,2713,7732
New Brunswick,12-01-2021,0,7732
New Brunswick,13-01-2021,0,7732
New Brunswick,14-01-2021,0,7732
New Brunswick,15-01-2021,0,7732
New Brunswick,16-01-2021,0,7732
New Brunswick,17-01-2021,0,7732
New Brunswick,18-01-2021,2704,10436
New Brunswick,19-01-2021,0,10436
New Brunswick,20-01-2021,0,10436
New Brunswick,21-01-2021,0,10436
New Brunswick,22-01-2021,0,10436
New Brunswick,23-01-2021,0,10436
New Brunswick,24-01-2021,0,10436
New Brunswick,25-01-2021,3821,14257
New Brunswick,26-01-2021,0,14257
New Brunswick,27-01-2021,0,14257
New Brunswick,28-01-2021,0,14257
New Brunswick,29-01-2021,0,14257
New Brunswick,30-01-2021,0,14257
New Brunswick,31-01-2021,0,14257
New Brunswick,01-02-2021,3020,17277
New Brunswick,02-02-2021,0,17277
New Brunswick,03-02-2021,0,17277
New Brunswick,04-02-2021,0,17277
New Brunswick,05-02-2021,0,17277
New Brunswick,06-02-2021,0,17277
New Brunswick,07-02-2021,0,17277
New Brunswick,08-02-2021,1366,18643
New Brunswick,09-02-2021,0,18643
New Brunswick,10-02-2021,0,18643
New Brunswick,11-02-2021,0,18643
New Brunswick,12-02-2021,0,18643
New Brunswick,13-02-2021,0,18643
New Brunswick,14-02-2021,0,18643
New Brunswick,15-02-2021,0,18643
New Brunswick,16-02-2021,2539,21182
New Brunswick,17-02-2021,0,21182
New Brunswick,18-02-2021,0,21182
New Brunswick,19-02-2021,0,21182
New Brunswick,20-02-2021,0,21182
New Brunswick,21-02-2021,0,21182
New Brunswick,22-02-2021,5135,26317
New Brunswick,23-02-2021,0,26317
New Brunswick,24-02-2021,0,26317
New Brunswick,25-02-2021,0,26317
New Brunswick,26-02-2021,0,26317
New Brunswick,27-02-2021,0,26317
New Brunswick,28-02-2021,0,26317
New Brunswick,01-03-2021,7424,33741
New Brunswick,02-03-2021,0,33741
New Brunswick,03-03-2021,0,33741
New Brunswick,04-03-2021,0,33741
NL,14-12-2020,0,0
NL,15-12-2020,0,0
NL,16-12-2020,2,2
NL,17-12-2020,13,15
NL,18-12-2020,160,175
NL,19-12-2020,0,175
NL,20-12-2020,0,175
NL,21-12-2020,797,972
NL,22-12-2020,0,972
NL,23-12-2020,813,1785
NL,24-12-2020,0,1785
NL,25-12-2020,0,1785
NL,26-12-2020,0,1785
NL,27-12-2020,0,1785
NL,28-12-2020,0,1785
NL,29-12-2020,0,1785
NL,30-12-2020,0,1785
NL,31-12-2020,0,1785
NL,01-01-2021,0,1785
NL,02-01-2021,0,1785
NL,03-01-2021,0,1785
NL,04-01-2021,0,1785
NL,05-01-2021,0,1785
NL,06-01-2021,0,1785
NL,07-01-2021,0,1785
NL,08-01-2021,0,1785
NL,09-01-2021,0,1785
NL,10-01-2021,0,1785
NL,11-01-2021,1975,3760
NL,12-01-2021,0,3760
NL,13-01-2021,1531,5291
NL,14-01-2021,0,5291
NL,15-01-2021,0,5291
NL,16-01-2021,0,5291
NL,17-01-2021,0,5291
NL,18-01-2021,0,5291
NL,19-01-2021,0,5291
NL,20-01-2021,3258,8549
NL,21-01-2021,0,8549
NL,22-01-2021,0,8549
NL,23-01-2021,0,8549
NL,24-01-2021,0,8549
NL,25-01-2021,0,8549
NL,26-01-2021,0,8549
NL,27-01-2021,1531,10080
NL,28-01-2021,0,10080
NL,29-01-2021,0,10080
NL,30-01-2021,0,10080
NL,31-01-2021,0,10080
NL,01-02-2021,0,10080
NL,02-02-2021,0,10080
NL,03-02-2021,2516,12596
NL,04-02-2021,0,12596
NL,05-02-2021,0,12596
NL,06-02-2021,0,12596
NL,07-02-2021,0,12596
NL,08-02-2021,0,12596
NL,09-02-2021,0,12596
NL,10-02-2021,1424,14020
NL,11-02-2021,667,14687
NL,12-02-2021,0,14687
NL,13-02-2021,0,14687
NL,14-02-2021,0,14687
NL,15-02-2021,0,14687
NL,16-02-2021,0,14687
NL,17-02-2021,1771,16458
NL,18-02-2021,0,16458
NL,19-02-2021,0,16458
NL,20-02-2021,0,16458
NL,21-02-2021,0,16458
NL,22-02-2021,0,16458
NL,23-02-2021,0,16458
NL,24-02-2021,3827,20285
NL,25-02-2021,0,20285
NL,26-02-2021,0,20285
NL,27-02-2021,0,20285
NL,28-02-2021,0,20285
NL,01-03-2021,0,20285
NL,02-03-2021,0,20285
NL,03-03-2021,4472,24757
NL,04-03-2021,0,24757
Nova Scotia,14-12-2020,0,0
Nova Scotia,15-12-2020,0,0
Nova Scotia,16-12-2020,376,376
Nova Scotia,17-12-2020,0,376
Nova Scotia,18-12-2020,0,376
Nova Scotia,19-12-2020,0,376
Nova Scotia,20-12-2020,0,376
Nova Scotia,21-12-2020,1087,1463
Nova Scotia,22-12-2020,0,1463
Nova Scotia,23-12-2020,0,1463
Nova Scotia,24-12-2020,0,1463
Nova Scotia,25-12-2020,0,1463
Nova Scotia,26-12-2020,0,1463
Nova Scotia,27-12-2020,0,1463
Nova Scotia,28-12-2020,0,1463
Nova Scotia,29-12-2020,827,2290
Nova Scotia,30-12-2020,306,2596
Nova Scotia,31-12-2020,0,2596
Nova Scotia,01-01-2021,0,2596
Nova Scotia,02-01-2021,124,2720
Nova Scotia,03-01-2021,0,2720
Nova Scotia,04-01-2021,0,2720
Nova Scotia,05-01-2021,0,2720
Nova Scotia,06-01-2021,0,2720
Nova Scotia,07-01-2021,0,2720
Nova Scotia,08-01-2021,0,2720
Nova Scotia,09-01-2021,1111,3831
Nova Scotia,10-01-2021,0,3831
Nova Scotia,11-01-2021,0,3831
Nova Scotia,12-01-2021,0,3831
Nova Scotia,13-01-2021,0,3831
Nova Scotia,14-01-2021,0,3831
Nova Scotia,15-01-2021,3769,7600
Nova Scotia,16-01-2021,0,7600
Nova Scotia,17-01-2021,0,7600
Nova Scotia,18-01-2021,0,7600
Nova Scotia,19-01-2021,920,8520
Nova Scotia,20-01-2021,655,9175
Nova Scotia,21-01-2021,652,9827
Nova Scotia,22-01-2021,748,10575
Nova Scotia,23-01-2021,0,10575
Nova Scotia,24-01-2021,0,10575
Nova Scotia,25-01-2021,508,11083
Nova Scotia,26-01-2021,539,11622
Nova Scotia,27-01-2021,664,12286
Nova Scotia,28-01-2021,1218,13504
Nova Scotia,29-01-2021,1085,14589
Nova Scotia,30-01-2021,0,14589
Nova Scotia,31-01-2021,0,14589
Nova Scotia,01-02-2021,317,14906
Nova Scotia,02-02-2021,259,15165
Nova Scotia,03-02-2021,672,15837
Nova Scotia,04-02-2021,611,16448
Nova Scotia,05-02-2021,847,17295
Nova Scotia,06-02-2021,0,17295
Nova Scotia,07-02-2021,0,17295
Nova Scotia,08-02-2021,924,18219
Nova Scotia,09-02-2021,607,18826
Nova Scotia,10-02-2021,1187,20013
Nova Scotia,11-02-2021,1019,21032
Nova Scotia,12-02-2021,1311,22343
Nova Scotia,13-02-2021,0,22343
Nova Scotia,14-02-2021,0,22343
Nova Scotia,15-02-2021,0,22343
Nova Scotia,16-02-2021,797,23140
Nova Scotia,17-02-2021,909,24049
Nova Scotia,18-02-2021,983,25032
Nova Scotia,19-02-2021,0,25032
Nova Scotia,20-02-2021,0,25032
Nova Scotia,21-02-2021,0,25032
Nova Scotia,22-02-2021,2489,27521
Nova Scotia,23-02-2021,445,27966
Nova Scotia,24-02-2021,1271,29237
Nova Scotia,25-02-2021,1511,30748
Nova Scotia,26-02-2021,1271,32019
Nova Scotia,27-02-2021,0,32019
Nova Scotia,28-02-2021,0,32019
Nova Scotia,01-03-2021,837,32856
Nova Scotia,02-03-2021,615,33471
Nova Scotia,03-03-2021,1820,35291
Nova Scotia,04-03-2021,2299,37590
Nunavut,14-12-2020,0,0
Nunavut,15-12-2020,0,0
Nunavut,16-12-2020,0,0
Nunavut,17-12-2020,0,0
Nunavut,18-12-2020,0,0
Nunavut,19-12-2020,0,0
Nunavut,20-12-2020,0,0
Nunavut,21-12-2020,0,0
Nunavut,22-12-2020,0,0
Nunavut,23-12-2020,0,0
Nunavut,24-12-2020,0,0
Nunavut,25-12-2020,0,0
Nunavut,26-12-2020,0,0
Nunavut,27-12-2020,0,0
Nunavut,28-12-2020,0,0
Nunavut,29-12-2020,0,0
Nunavut,30-12-2020,0,0
Nunavut,31-12-2020,0,0
Nunavut,01-01-2021,0,0
Nunavut,02-01-2021,0,0
Nunavut,03-01-2021,0,0
Nunavut,04-01-2021,0,0
Nunavut,05-01-2021,0,0
Nunavut,06-01-2021,29,29
Nunavut,07-01-2021,0,29
Nunavut,08-01-2021,0,29
Nunavut,09-01-2021,0,29
Nunavut,10-01-2021,0,29
Nunavut,11-01-2021,0,29
Nunavut,12-01-2021,0,29
Nunavut,13-01-2021,371,400
Nunavut,14-01-2021,121,521
Nunavut,15-01-2021,462,983
Nunavut,16-01-2021,0,983
Nunavut,17-01-2021,0,983
Nunavut,18-01-2021,1158,2141
Nunavut,19-01-2021,404,2545
Nunavut,20-01-2021,0,2545
Nunavut,21-01-2021,830,3375
Nunavut,22-01-2021,447,3822
Nunavut,23-01-2021,0,3822
Nunavut,24-01-2021,0,3822
Nunavut,25-01-2021,636,4458
Nunavut,26-01-2021,265,4723
Nunavut,27-01-2021,207,4930
Nunavut,28-01-2021,294,5224
Nunavut,29-01-2021,92,5316
Nunavut,30-01-2021,0,5316
Nunavut,31-01-2021,0,5316
Nunavut,01-02-2021,148,5464
Nunavut,02-02-2021,42,5506
Nunavut,03-02-2021,13,5519
Nunavut,04-02-2021,49,5568
Nunavut,05-02-2021,81,5649
Nunavut,06-02-2021,0,5649
Nunavut,07-02-2021,0,5649
Nunavut,08-02-2021,203,5852
Nunavut,09-02-2021,87,5939
Nunavut,10-02-2021,187,6126
Nunavut,11-02-2021,59,6185
Nunavut,12-02-2021,20,6205
Nunavut,13-02-2021,0,6205
Nunavut,14-02-2021,0,6205
Nunavut,15-02-2021,0,6205
Nunavut,16-02-2021,440,6645
Nunavut,17-02-2021,160,6805
Nunavut,18-02-2021,45,6850
Nunavut,19-02-2021,65,6915
Nunavut,20-02-2021,0,6915
Nunavut,21-02-2021,0,6915
Nunavut,22-02-2021,62,6977
Nunavut,23-02-2021,34,7011
Nunavut,24-02-2021,62,7073
Nunavut,25-02-2021,184,7257
Nunavut,26-02-2021,19,7276
Nunavut,27-02-2021,0,7276
Nunavut,28-02-2021,0,7276
Nunavut,01-03-2021,126,7402
Nunavut,02-03-2021,664,8066
Nunavut,03-03-2021,5327,13393
Nunavut,04-03-2021,360,13753
NWT,14-12-2020,0,0
NWT,15-12-2020,0,0
NWT,16-12-2020,0,0
NWT,17-12-2020,0,0
NWT,18-12-2020,0,0
NWT,19-12-2020,0,0
NWT,20-12-2020,0,0
NWT,21-12-2020,0,0
NWT,22-12-2020,0,0
NWT,23-12-2020,0,0
NWT,24-12-2020,0,0
NWT,25-12-2020,0,0
NWT,26-12-2020,0,0
NWT,27-12-2020,0,0
NWT,28-12-2020,0,0
NWT,29-12-2020,0,0
NWT,30-12-2020,0,0
NWT,31-12-2020,2,2
NWT,01-01-2021,0,2
NWT,02-01-2021,0,2
NWT,03-01-2021,0,2
NWT,04-01-2021,0,2
NWT,05-01-2021,128,130
NWT,06-01-2021,0,130
NWT,07-01-2021,0,130
NWT,08-01-2021,32,162
NWT,09-01-2021,0,162
NWT,10-01-2021,0,162
NWT,11-01-2021,0,162
NWT,12-01-2021,350,512
NWT,13-01-2021,0,512
NWT,14-01-2021,0,512
NWT,15-01-2021,0,512
NWT,16-01-2021,0,512
NWT,17-01-2021,0,512
NWT,18-01-2021,1381,1893
NWT,19-01-2021,0,1893
NWT,20-01-2021,0,1893
NWT,21-01-2021,0,1893
NWT,22-01-2021,0,1893
NWT,23-01-2021,0,1893
NWT,24-01-2021,0,1893
NWT,25-01-2021,0,1893
NWT,26-01-2021,7578,9471
NWT,27-01-2021,0,9471
NWT,28-01-2021,0,9471
NWT,29-01-2021,0,9471
NWT,30-01-2021,0,9471
NWT,31-01-2021,0,9471
NWT,01-02-2021,0,9471
NWT,02-02-2021,2895,12366
NWT,03-02-2021,0,12366
NWT,04-02-2021,0,12366
NWT,05-02-2021,0,12366
NWT,06-02-2021,0,12366
NWT,07-02-2021,0,12366
NWT,08-02-2021,0,12366
NWT,09-02-2021,766,13132
NWT,10-02-2021,0,13132
NWT,11-02-2021,0,13132
NWT,12-02-2021,0,13132
NWT,13-02-2021,0,13132
NWT,14-02-2021,0,13132
NWT,15-02-2021,1025,14157
NWT,16-02-2021,0,14157
NWT,17-02-2021,0,14157
NWT,18-02-2021,0,14157
NWT,19-02-2021,0,14157
NWT,20-02-2021,0,14157
NWT,21-02-2021,0,14157
NWT,22-02-2021,0,14157
NWT,23-02-2021,2297,16454
NWT,24-02-2021,0,16454
NWT,25-02-2021,0,16454
NWT,26-02-2021,0,16454
NWT,27-02-2021,0,16454
NWT,28-02-2021,0,16454
NWT,01-03-2021,0,16454
NWT,02-03-2021,3321,19775
NWT,03-03-2021,0,19775
NWT,04-03-2021,0,19775
Ontario,14-12-2020,5,5
Ontario,15-12-2020,426,431
Ontario,16-12-2020,544,975
Ontario,17-12-2020,941,1916
Ontario,18-12-2020,384,2300
Ontario,19-12-2020,559,2859
Ontario,20-12-2020,128,2987
Ontario,21-12-2020,422,3409
Ontario,22-12-2020,1841,5250
Ontario,23-12-2020,3468,8718
Ontario,24-12-2020,2038,10756
Ontario,25-12-2020,302,11058
Ontario,26-12-2020,0,11058
Ontario,27-12-2020,169,11227
Ontario,28-12-2020,1973,13200
Ontario,29-12-2020,4848,18048
Ontario,30-12-2020,555,18603
Ontario,31-12-2020,4899,23502
Ontario,01-01-2021,5373,28875
Ontario,02-01-2021,4316,33191
Ontario,03-01-2021,4360,37551
Ontario,04-01-2021,4868,42419
Ontario,05-01-2021,7611,50030
Ontario,06-01-2021,10350,60380
Ontario,07-01-2021,12251,72631
Ontario,08-01-2021,14932,87563
Ontario,09-01-2021,15700,103263
Ontario,10-01-2021,9983,113246
Ontario,11-01-2021,8859,122105
Ontario,12-01-2021,11448,133553
Ontario,13-01-2021,11231,144784
Ontario,14-01-2021,14237,159021
Ontario,15-01-2021,15609,174630
Ontario,16-01-2021,14460,189090
Ontario,17-01-2021,11007,200097
Ontario,18-01-2021,9691,209788
Ontario,19-01-2021,14346,224134
Ontario,20-01-2021,13784,237918
Ontario,21-01-2021,15899,253817
Ontario,22-01-2021,11168,264985
Ontario,23-01-2021,11161,276146
Ontario,24-01-2021,4427,280573
Ontario,25-01-2021,5537,286110
Ontario,26-01-2021,9707,295817
Ontario,27-01-2021,9513,305330
Ontario,28-01-2021,11910,317240
Ontario,29-01-2021,10215,327455
Ontario,30-01-2021,9373,336828
Ontario,31-01-2021,2816,339644
Ontario,01-02-2021,2256,341900
Ontario,02-02-2021,2715,344615
Ontario,03-02-2021,3716,348331
Ontario,04-02-2021,6724,355055
Ontario,05-02-2021,7694,362749
Ontario,06-02-2021,9917,372666
Ontario,07-02-2021,6518,379184
Ontario,08-02-2021,6987,386171
Ontario,09-02-2021,12462,398633
Ontario,10-02-2021,13486,412119
Ontario,11-02-2021,14717,426836
Ontario,12-02-2021,15605,442441
Ontario,13-02-2021,14506,456947
Ontario,14-02-2021,10679,467626
Ontario,15-02-2021,0,467626
Ontario,16-02-2021,12751,480377
Ontario,17-02-2021,9107,489484
Ontario,18-02-2021,12383,501867
Ontario,19-02-2021,16967,518834
Ontario,20-02-2021,21295,540129
Ontario,21-02-2021,16404,556533
Ontario,22-02-2021,12922,569455
Ontario,23-02-2021,16252,585707
Ontario,24-02-2021,17141,602848
Ontario,25-02-2021,19112,621960
Ontario,26-02-2021,21805,643765
Ontario,27-02-2021,24339,668104
Ontario,28-02-2021,19167,687271
Ontario,01-03-2021,17424,704695
Ontario,02-03-2021,22326,727021
Ontario,03-03-2021,27398,754419
Ontario,04-03-2021,30409,784828
PEI,14-12-2020,0,0
PEI,15-12-2020,0,0
PEI,16-12-2020,140,140
PEI,17-12-2020,204,344
PEI,18-12-2020,0,344
PEI,19-12-2020,0,344
PEI,20-12-2020,0,344
PEI,21-12-2020,0,344
PEI,22-12-2020,1156,1500
PEI,23-12-2020,0,1500
PEI,24-12-2020,0,1500
PEI,25-12-2020,0,1500
PEI,26-12-2020,0,1500
PEI,27-12-2020,0,1500
PEI,28-12-2020,0,1500
PEI,29-12-2020,0,1500
PEI,30-12-2020,0,1500
PEI,31-12-2020,450,1950
PEI,01-01-2021,0,1950
PEI,02-01-2021,0,1950
PEI,03-01-2021,0,1950
PEI,04-01-2021,0,1950
PEI,05-01-2021,170,2120
PEI,06-01-2021,0,2120
PEI,07-01-2021,0,2120
PEI,08-01-2021,1480,3600
PEI,09-01-2021,0,3600
PEI,10-01-2021,0,3600
PEI,11-01-2021,0,3600
PEI,12-01-2021,626,4226
PEI,13-01-2021,0,4226
PEI,14-01-2021,876,5102
PEI,15-01-2021,0,5102
PEI,16-01-2021,0,5102
PEI,17-01-2021,0,5102
PEI,18-01-2021,0,5102
PEI,19-01-2021,808,5910
PEI,20-01-2021,0,5910
PEI,21-01-2021,615,6525
PEI,22-01-2021,0,6525
PEI,23-01-2021,0,6525
PEI,24-01-2021,0,6525
PEI,25-01-2021,0,6525
PEI,26-01-2021,592,7117
PEI,27-01-2021,0,7117
PEI,28-01-2021,393,7510
PEI,29-01-2021,0,7510
PEI,30-01-2021,0,7510
PEI,31-01-2021,0,7510
PEI,01-02-2021,0,7510
PEI,02-02-2021,346,7856
PEI,03-02-2021,0,7856
PEI,04-02-2021,481,8337
PEI,05-02-2021,0,8337
PEI,06-02-2021,0,8337
PEI,07-02-2021,0,8337
PEI,08-02-2021,0,8337
PEI,09-02-2021,491,8828
PEI,10-02-2021,0,8828
PEI,11-02-2021,0,8828
PEI,12-02-2021,311,9139
PEI,13-02-2021,0,9139
PEI,14-02-2021,0,9139
PEI,15-02-2021,0,9139
PEI,16-02-2021,1471,10610
PEI,17-02-2021,0,10610
PEI,18-02-2021,81,10691
PEI,19-02-2021,0,10691
PEI,20-02-2021,0,10691
PEI,21-02-2021,0,10691
PEI,22-02-2021,0,10691
PEI,23-02-2021,939,11630
PEI,24-02-2021,0,11630
PEI,25-02-2021,546,12176
PEI,26-02-2021,0,12176
PEI,27-02-2021,0,12176
PEI,28-02-2021,0,12176
PEI,01-03-2021,0,12176
PEI,02-03-2021,420,12596
PEI,03-03-2021,0,12596
PEI,04-03-2021,685,13281
Quebec,14-12-2020,292,292
Quebec,15-12-2020,0,292
Quebec,16-12-2020,1156,1448
Quebec,17-12-2020,941,2389
Quebec,18-12-2020,901,3290
Quebec,19-12-2020,715,4005
Quebec,20-12-2020,716,4721
Quebec,21-12-2020,115,4836
Quebec,22-12-2020,502,5338
Quebec,23-12-2020,1891,7229
Quebec,24-12-2020,3942,11171
Quebec,25-12-2020,0,11171
Quebec,26-12-2020,3019,14190
Quebec,27-12-2020,3392,17582
Quebec,28-12-2020,2857,20439
Quebec,29-12-2020,502,20941
Quebec,30-12-2020,2739,23680
Quebec,31-12-2020,3942,27622
Quebec,01-01-2021,0,27622
Quebec,02-01-2021,342,27964
Quebec,03-01-2021,798,28762
Quebec,04-01-2021,1711,30473
Quebec,05-01-2021,2290,32763
Quebec,06-01-2021,6221,38984
Quebec,07-01-2021,9648,48632
Quebec,08-01-2021,13970,62602
Quebec,09-01-2021,12521,75123
Quebec,10-01-2021,9264,84387
Quebec,11-01-2021,8065,92452
Quebec,12-01-2021,7058,99510
Quebec,13-01-2021,7855,107365
Quebec,14-01-2021,8339,115704
Quebec,15-01-2021,11369,127073
Quebec,16-01-2021,10783,137856
Quebec,17-01-2021,8838,146694
Quebec,18-01-2021,6845,153539
Quebec,19-01-2021,10514,164053
Quebec,20-01-2021,10207,174260
Quebec,21-01-2021,11950,186210
Quebec,22-01-2021,14417,200627
Quebec,23-01-2021,9625,210252
Quebec,24-01-2021,8503,218755
Quebec,25-01-2021,1960,220715
Quebec,26-01-2021,4164,224879
Quebec,27-01-2021,4340,229219
Quebec,28-01-2021,3767,232986
Quebec,29-01-2021,3071,236057
Quebec,30-01-2021,2086,238143
Quebec,31-01-2021,84,238227
Quebec,01-02-2021,796,239023
Quebec,02-02-2021,1807,240830
Quebec,03-02-2021,716,241546
Quebec,04-02-2021,2409,243955
Quebec,05-02-2021,4718,248673
Quebec,06-02-2021,5231,253904
Quebec,07-02-2021,2646,256550
Quebec,08-02-2021,2638,259188
Quebec,09-02-2021,3406,262594
Quebec,10-02-2021,3996,266590
Quebec,11-02-2021,5742,272332
Quebec,12-02-2021,8280,280612
Quebec,13-02-2021,10341,290953
Quebec,14-02-2021,2991,293944
Quebec,15-02-2021,942,294886
Quebec,16-02-2021,2808,297694
Quebec,17-02-2021,1979,299673
Quebec,18-02-2021,2445,302118
Quebec,19-02-2021,9533,311651
Quebec,20-02-2021,17673,329324
Quebec,21-02-2021,15576,344900
Quebec,22-02-2021,8994,353894
Quebec,23-02-2021,12084,365978
Quebec,24-02-2021,10932,376910
Quebec,25-02-2021,10166,387076
Quebec,26-02-2021,13464,400540
Quebec,27-02-2021,17859,418399
Quebec,28-02-2021,13856,432255
Quebec,01-03-2021,6560,438815
Quebec,02-03-2021,16513,455328
Quebec,03-03-2021,17382,472710
Quebec,04-03-2021,17794,490504
Saskatchewan,14-12-2020,0,0
Saskatchewan,15-12-2020,11,11
Saskatchewan,16-12-2020,0,11
Saskatchewan,17-12-2020,239,250
Saskatchewan,18-12-2020,301,551
Saskatchewan,19-12-2020,0,551
Saskatchewan,20-12-2020,0,551
Saskatchewan,21-12-2020,734,1285
Saskatchewan,22-12-2020,234,1519
Saskatchewan,23-12-2020,78,1597
Saskatchewan,24-12-2020,189,1786
Saskatchewan,25-12-2020,0,1786
Saskatchewan,26-12-2020,0,1786
Saskatchewan,27-12-2020,0,1786
Saskatchewan,28-12-2020,0,1786
Saskatchewan,29-12-2020,585,2371
Saskatchewan,30-12-2020,571,2942
Saskatchewan,31-12-2020,516,3458
Saskatchewan,01-01-2021,0,3458
Saskatchewan,02-01-2021,264,3722
Saskatchewan,03-01-2021,144,3866
Saskatchewan,04-01-2021,147,4013
Saskatchewan,05-01-2021,241,4254
Saskatchewan,06-01-2021,270,4524
Saskatchewan,07-01-2021,308,4832
Saskatchewan,08-01-2021,1183,6015
Saskatchewan,09-01-2021,949,6964
Saskatchewan,10-01-2021,965,7929
Saskatchewan,11-01-2021,1019,8948
Saskatchewan,12-01-2021,932,9880
Saskatchewan,13-01-2021,520,10400
Saskatchewan,14-01-2021,1585,11985
Saskatchewan,15-01-2021,2032,14017
Saskatchewan,16-01-2021,2910,16927
Saskatchewan,17-01-2021,3232,20159
Saskatchewan,18-01-2021,2459,22618
Saskatchewan,19-01-2021,1957,24575
Saskatchewan,20-01-2021,2658,27233
Saskatchewan,21-01-2021,2548,29781
Saskatchewan,22-01-2021,1494,31275
Saskatchewan,23-01-2021,1110,32385
Saskatchewan,24-01-2021,654,33039
Saskatchewan,25-01-2021,314,33353
Saskatchewan,26-01-2021,727,34080
Saskatchewan,27-01-2021,535,34615
Saskatchewan,28-01-2021,57,34672
Saskatchewan,29-01-2021,419,35091
Saskatchewan,30-01-2021,148,35239
Saskatchewan,31-01-2021,120,35359
Saskatchewan,01-02-2021,88,35447
Saskatchewan,02-02-2021,128,35575
Saskatchewan,03-02-2021,188,35763
Saskatchewan,04-02-2021,764,36527
Saskatchewan,05-02-2021,2183,38710
Saskatchewan,06-02-2021,2544,41254
Saskatchewan,07-02-2021,0,41254
Saskatchewan,08-02-2021,1733,42987
Saskatchewan,09-02-2021,1534,44521
Saskatchewan,10-02-2021,850,45371
Saskatchewan,11-02-2021,892,46263
Saskatchewan,12-02-2021,525,46788
Saskatchewan,13-02-2021,1778,48566
Saskatchewan,14-02-2021,1079,49645
Saskatchewan,15-02-2021,0,49645
Saskatchewan,16-02-2021,196,49841
Saskatchewan,17-02-2021,485,50326
Saskatchewan,18-02-2021,139,50465
Saskatchewan,19-02-2021,2565,53030
Saskatchewan,20-02-2021,4794,57824
Saskatchewan,21-02-2021,2919,60743
Saskatchewan,22-02-2021,987,61730
Saskatchewan,23-02-2021,612,62342
Saskatchewan,24-02-2021,1003,63345
Saskatchewan,25-02-2021,2091,65436
Saskatchewan,26-02-2021,4015,69451
Saskatchewan,27-02-2021,6050,75501
Saskatchewan,28-02-2021,2725,78226
Saskatchewan,01-03-2021,1063,79289
Saskatchewan,02-03-2021,947,80236
Saskatchewan,03-03-2021,1361,81597
Saskatchewan,04-03-2021,2493,84090
Yukon,14-12-2020,0,0
Yukon,15-12-2020,0,0
Yukon,16-12-2020,0,0
Yukon,17-12-2020,0,0
Yukon,18-12-2020,0,0
Yukon,19-12-2020,0,0
Yukon,20-12-2020,0,0
Yukon,21-12-2020,0,0
Yukon,22-12-2020,0,0
Yukon,23-12-2020,0,0
Yukon,24-12-2020,0,0
Yukon,25-12-2020,0,0
Yukon,26-12-2020,0,0
Yukon,27-12-2020,0,0
Yukon,28-12-2020,0,0
Yukon,29-12-2020,0,0
Yukon,30-12-2020,0,0
Yukon,31-12-2020,0,0
Yukon,01-01-2021,0,0
Yukon,02-01-2021,0,0
Yukon,03-01-2021,0,0
Yukon,04-01-2021,50,50
Yukon,05-01-2021,0,50
Yukon,06-01-2021,0,50
Yukon,07-01-2021,260,310
Yukon,08-01-2021,0,310
Yukon,09-01-2021,0,310
Yukon,10-01-2021,0,310
Yukon,11-01-2021,185,495
Yukon,12-01-2021,0,495
Yukon,13-01-2021,190,685
Yukon,14-01-2021,0,685
Yukon,15-01-2021,499,1184
Yukon,16-01-2021,0,1184
Yukon,17-01-2021,0,1184
Yukon,18-01-2021,163,1347
Yukon,19-01-2021,0,1347
Yukon,20-01-2021,1243,2590
Yukon,21-01-2021,570,3160
Yukon,22-01-2021,570,3730
Yukon,23-01-2021,0,3730
Yukon,24-01-2021,0,3730
Yukon,25-01-2021,222,3952
Yukon,26-01-2021,445,4397
Yukon,27-01-2021,773,5170
Yukon,28-01-2021,0,5170
Yukon,29-01-2021,1326,6496
Yukon,30-01-2021,0,6496
Yukon,31-01-2021,0,6496
Yukon,01-02-2021,889,7385
Yukon,02-02-2021,0,7385
Yukon,03-02-2021,1706,9091
Yukon,04-02-2021,840,9931
Yukon,05-02-2021,588,10519
Yukon,06-02-2021,0,10519
Yukon,07-02-2021,0,10519
Yukon,08-02-2021,540,11059
Yukon,09-02-2021,175,11234
Yukon,10-02-2021,110,11344
Yukon,11-02-2021,90,11434
Yukon,12-02-2021,80,11514
Yukon,13-02-2021,0,11514
Yukon,14-02-2021,0,11514
Yukon,15-02-2021,0,11514
Yukon,16-02-2021,0,11514
Yukon,17-02-2021,0,11514
Yukon,18-02-2021,30,11544
Yukon,19-02-2021,306,11850
Yukon,20-02-2021,0,11850
Yukon,21-02-2021,0,11850
Yukon,22-02-2021,323,12173
Yukon,23-02-2021,1250,13423
Yukon,24-02-2021,941,14364
Yukon,25-02-2021,810,15174
Yukon,26-02-2021,0,15174
Yukon,27-02-2021,0,15174
Yukon,28-02-2021,0,15174
Yukon,01-03-2021,897,16071
Yukon,02-03-2021,1097,17168
Yukon,03-03-2021,990,18158
Yukon,04-03-2021,0,18158
